77047301
121925299
107777449
103392080
140812555
108623940
108105446
217848900
210575886
212086519
44818033
161789481
191473567
209982091
160071947
1919884
145499136
210493280
219343766
54083189
106003252
116084185
151049911
1374582
156866151
43993919
147686250
121303727
41611837
106756920
8621069
178417151
150694512
127635492
35956733
108711113
215016961
85101943
138614841
150717577
35411217
217407242
107784318
99562888
141306782
178118572
66790951
40866677
34932280
111386252
165019811
135895545
136340190
107892937
73009381
107278700
160826137
189584403
157261433
108495668
166493738
64685317
150333159
81906436
216256676
178091187
194037109
213258359
40376102
189727862
9535365
83533200
51319836
120881343
167666652
116449225
114459557
178247625
192075457
156669181
128143349
8876608
117968613
56365736
119414115
173964466
103076511
90690950
117550275
66896307
141388053
215724473
154957358
133438303
107906682
116220359
178260325
89437771
194384963
212268723
139080456
193376967
155914392
173217695
107539125
189984843
216968543
116312766
30007963
176192562
92616041
205487670
129670930
112950612
215601012
125689383
171606319
176342032
162925931
117074950
141182821
171716559
180305810
139949446
45711083
142793509
181028515
179856235
127755453
196078950
136439638
108930096
187880462
132035717
115602937
66738040
171609145
148706716
167993012
138349623
136046407
134656337
173057730
191412327
188822468
194168222
138959822
217280269
189978681
217348256
79400619
10337212
101713620
144023099
166450036
45543483
107872107
102480591
228630
120330741
175538697
122042440
138854963
81191763
168407647
133350259
79224569
183938115
124729383
109772759
1985983
213251070
23669026
122303197
10107098
118239765
167530580
24196560
125107447
172830281
136632319
150129728
191612315
37771655
193394446
165470806
29273265
33064838
181286126
138496202
150534809
35941101
180617586
40461210
131785040
158676989
108374519
189368702
214720478
122089295
107631849
212498620
141850186
176638341
177793235
67800111
212707676
124357216
140361398
56536448
113667120
162481490
126049872
127547865
137184723
96024787
77303811
9676628
171564581
186833973
144545511
165787757
139319585
150485643
171308059
202996338
168968415
180239019
177744937
116438311
218353250
149962161
23774669
103909275
97094682
173798951
120890473
122738307
124390866
167061943
131779181
173217695
137374025
180719650
165151526
147002583
80392257
91562012
163578208
176933473
180002356
191913799
32912321
26397925
101899549
146596538
155737717
108955681
29644270
75849461
194333609
126640839
57871105
212767096
76816262
63671481
27759257
171592179
95792496
126005855
104929041
194870117
9676628
87421847
115977638
173853459
175831105
66940636
210588062
185357570
139013081
134676758
185712069
212995870
180748122
161942381
103151653
21218357
121553923
178342741
173232251
106860330
140512909
26494009
144871889
31315863
147012022
137772080
216127758
186990393
177486923
201132729
142260182
211392183
214691497
69065106
189400275
40351551
94520928
138960625
102312481
87112669
130732893
36801043
92565740
3305112
142416878
165988519
189232152
190111950
5000606
147942481
29340883
71715935
216666444
194251733
189773015
35435509
28674291
185925636
117412708
42094845
178843812
93275355
115886241
167994605
97977451
127623336
82850976
138556512
147323246
155880953
185529763
72751357
126138722
170712507
175980228
176254282
217248408
168055178
89490691
107880265
204215030
179503978
143576101
158892075
128033737
218661446
137853561
3189840
9446999
41208563
29658056
133925728
142449422
73262569
169839507
112341119
151004655
212422667
44455139
4828375
138244173
176674902
136483036
87200069
103151653
142960212
148279919
36352260
201585588
183065076
142858255
118621356
97589801
143936199
93714459
128133136
176528882
165403736
163671036
175965055
135951105
28992959
177608780
191610830
62805405
186644468
72733829
116525181
68488072
175165181
218914861
93632865
74035562
51310750
138167666
25286978
169395832
172056536
180525776
61134825
15475906
178207335
178918069
23546459
183098046
177008981
6719968
176581908
218420461
105347860
24568966
96944286
169659388
73471506
215204520
9258279
191724181
184979873
147248868
104649679
216835387
213410619
44594797
186875927
14292290
215474882
137986532
209663717
218089277
138231021
176557753
137495926