104047567
105257453
105659943
105659943
105953496
108059160
108059160
109065243
116226080
117873881
118499796
124821833
125366630
125366630
126255009
126338692
133233328
135893223
137361463
139014095
139051382
139083558
141444655
143481812
146722529
147559863
155681189
155711112
156397300
158657055
158757973
159626452
159626452
162278538
162585690
163147387
16340552
16340552
16340552
16340552
167483809
168518287
168883660
175765281
178709909
185327967
189655451
191071908
191071908
191071908
191128365
192487742
192987729
193629482
193629482
194995915
197841857
210621671
212832998
212832998
212832998
30170243
31668211
36449431
36975851
45354306
47440720
50992021
50992021
51149170
51149170
63098798
63954689
6487445
64911953
74227237
7679009
77340748
78619199
78640771
79809773
95932536
95932536
97248415
97917313
99352730
99925257
100632889
106083988
106311948
108504247
109465790
117746748
118361483
118761993
118921111
122751395
128350217
128824932
128824932
137385341
137386845
137386845
138760738
139076782
141569847
143677681
146490566
146777250
147686250
147984718
148869751
149280012
155601520
156652776
159948159
164340049
165169218
166124865
167990366
167990366
173141530
178492235
179439008
180508849
180508849
185173059
185173059
188418645
189967500
190102400
190866115
194839315
196174012
198687075
209643047
213435953
213815492
214176077
21634838
217132159
218393492
218943158
218943158
219206281
219300178
24728929
24728929
26232556
30490997
33877405
35711233
43580722
45172697
6478176
66244692
66909612
69118181
69118181
7114196
74330260
78002482
85933603
8856390
8880870
8880870
9056980
92503367
92706669
92706669
95334496
96108809
96174699
96174699
99996179
10396616
106220689
106730179
108725531
109459671
111697647
111761799
118230416
118367839
121013260
122089761
122089761
122431887
124300581
124849268
124969733
125605771
125605771
126259025
126304628
126304628
127440888
127440888
128990542
134127820
138851701
139608115
145488147
148437049
149395106
151597741
153088616
155223792
162311
162396368
16247585
162626362
166201400
167461832
169903262
169912415
169912415
172817697
174623715
177270587
177964190
177964190
178889867
183851086
184424278
185518723
186197970
190950482
193324338
194021313
209989702
211626523
217421438
217793850
218433867
218532371
219757885
24054865
24536518
36530892
38108608
39538376
40739418
40830993
42107235
42213110
44614157
44614157
44614157
44658663
45804470
46939072
51799269
53796855
6322359
63503690
79221849
8006268
891024
89156025
9666461
96735967
98997017
102333483
105293933
105545780
105588035
105588035
107746477
108323303
108323303
108623940
108623940
113603548
115632803
118588646
121243239
121719772
122081472
122578129
124955027
127083598
127976632
129668289
130659928
132405529
133265245
135312888
135331346
140680062
142596431
143652428
143661158
143696718
147137558
147153109
148381691
152128749
152128749
152128749
152128749
155211606
15645035
156809035
156809035
162590516
164053905
164053905
165172018
165853760
167396683
167628522
167628522
167628522
168092760
169162617
175518297
175518297
175556673
178072503
184758701
184781219
188197229
189444485
189444485
189569676
190482555
191664893
193491172
194140015
194199606
208475175
209392327
209704050
210119348
213043842
215208278
216227168
216517319
217179439
23834582
28051519
33057812
40133033
42147052
43863126
4508925
4593237
46801967
48594090
52080130
52132637
52132637
54904988
55944532
62851461
75409992
77358247
7999980
87484639
87484639
94175270
97631313
103194316
103194316
103317346
106871021
107174923
108041253
108282102
108522763
108541889
109340728
110454450
110454450
116418838
116715955
118438409
118438409
118700227
118700227
127748023
128395077
129143525
129143525
132654849
132664253
135464971
136628110
139641309
141422897
141422897
141422897
141619448
143463753
143936190
143953281
146386457
146386457
146539077
146757570
148041653
148041653
148898149
149615969
150264437
150314332
150604420
151622078
157037940
157037940
157332726
157332726
159366761
160379497
161479945
162817595
163234618
163954952
165019811
165310853
170075903
172315308
172669379
173138339
173798580
174108241
174529703
174529703
175921218
176574619
178787763
178787763
181705002
182773150
184665499
185747055
186473317
189122050
190056720
191314812
191314812
194341419
194584870
194630616
209409761
212438909
215018397
215333342
216380187
216883396
29014862
29280740
29590287
36009578
40456199
44325989
48631855
50710982
57910086
81871199
82084769
82084769
82084769
90775336
92347229
92452961
94085523
94085523
94085523
96503821
96503821
98244410
101388857
103489680
107475696
108570941
108570941
108570941
110036752
11352382
11352382
115111452
118800236
121347759
124666877
124666877
128881212
129325795
134452507
137404352
138349623
139179232
140520223
140520223
142236928
144551933
144689968
144689968
149251595
149656523
150653210
157124250
158187485
164189330
164189330
166816870
171008879
176114485
178417151
181136528
18278111
183156263
184160021
186133388
188119849
191571539
192315882
193186713
198170216
199078360
199157993
211149085
212470490
213154959
213817935
216519003
218073455
218073455
218959001
219749355
23495789
24580422
246276
26102536
27019510
27124072
32028495
35911767
3591414
40707821
40707821
43404002
51191790
60312942
62212840
62212840
64529278
66097528
6735327
69180609
72438230
73831818
74401265
74401265
83970448
88982617
9404572
97881327
98166689
99369458
101405849
104639016
105195665
105231411
107311508
110222
110276685
110305402
110651110
116131469
116685410
117206230
117206230
117206230
120575633
122283930
124320565
124397327
126892071
128596526
128632877
134746089
135865509
141286107
143540696
143798899
144600443
144769249
146229048
148434721
149887843
154536927
154592565
155333217
155813692
155882498
165009832
166180831
166321627
166321627
166863509
167886420
169991502
172207832
172680558
173972812
175441862
176636946
176787246
179951220
180264331
181348696
186302183
191650729
193487945
194320018
210923366
211429670
211569143
213773809
216938720
29361508
3024739
41090987
41318975
500715
51500913
51500913
51535159
53583143
61554502
65877678
71833037
73339050
73685191
73969952
75776790
75821681
91483258
104583307
106077657
107019946
107425981
111297123
111440222
116319246
121079812
124839372
128501585
128845827
131675543
135279943
135279943
135279943
139676511
143198238
143885037
155197481
155625377
156604586
157416591
157579267
160068828
161173929
164572327
170239562
180135731
180252416
182583136
186055422
186431622
188606138
188898360
188898360
188965248
189447107
189790476
191383800
193565345
196322176
201411235
205533782
213268270
216380153
216586083
218032353
219621457
220720202
24002326
2487044
25219486
29804282
30782340
3484785
43272812
50805232
51212482
62460063
6368336
69222262
70296027
75419706
76601117
77971817
78593041
80583986
85424668
900217
90398978
96734116
96734116
10091683
101830029
102828227
104412091
110340117
111594971
117860090
117949597
121360856
121721549
126589782
126589782
127428888
131856219
134233521
139569926
139569926
139569926
143808925
144361702
144512236
145553140
146036297
149238809
149414650
150513380
158844415
159543740
165010968
166727539
167691239
169842707
169842707
172144618
175719569
178828293
179277069
180617476
183740670
184564963
186381070
190532455
190989648
192341813
195275740
195841697
195841697
197886685
198168979
20271299
209703407
213341378
216272703
219170657
24060378
25933790
27511172
29196667
32786460
41772775
44095583
48655042
60294270
65590092
67871951
77312891
80746797
80951519
81586497
84803517
86784687
9363436
96674402
97783455
97915818
106191887
108068105
109429509
112034440
114664159
115360955
115469090
116248698
116618408
118122585
126085151
128235871
131074939
133349815
133837129
134847666
138080670
139777449
141977716
144610940
160912705
166664639
166664639
171718749
174557329
177512549
177815011
178077531
178759390
180346856
183737738
186036236
186236216
187062416
189471049
191545839
194432422
194916993
194970263
209335777
219743085
219941687
23197568
23306151
23542582
25059152
29760715
3090360
3499420
36307121
41409283
46322082
51568606
70990253
75043831
87602633
97208481
97930533
101068622
102473836
103339546
103611129
10369632
107512121
109116138
110934363
111846153
111846153
111846153
111846153
111846153
111846153
111846153
111846153
113027653
115748550
116055260
125031370
128835768
129258083
129335212
129453158
132657086
132749039
133858253
134058681
134391726
138130963
141846343
142599147
145291468
146732555
149877370
150559869
151003279
158291268
162678327
163008147
163496317
163578208
16851500
168938650
171217106
178058065
181591258
183633293
185920968
186181272
186181272
187772752
190010203
190282482
190930833
191608018
194109800
194109800
194535988
209198069
210431267
214254916
215664242
215908412
216077252
217329628
218006733
218162398
24929312
32292820
40655176
42899686
42899686
45358429
47327212
52444052
61734308
62906827
76800425
76872949
86414391
93494472
96126240
96461888
100248525
116118973
117336222
117336222
120620880
122793047
122816285
126503923
129457371
132106817
133948072
135244882
140143336
142998389
143411252
144607748
145213591
154876013
158301960
162549826
163641271
169056000
169662287
169662287
170759073
172118296
174943151
179534291
179630311
180168595
180697219
180697219
181361326
184738648
188980010
190856008
193002398
194082207
197884257
209171582
212202051
212671466
28842429
30220806
33376177
36425843
37542978
51506002
51506002
51506002
51584088
52637491
666519
70935896
78666080
78945198
78945198
78945198
79090709
79276956
82191109
85853422
88958421
90380692
9093213
91888803
94368995
100227141
102812552
106318906
107161646
108598308
108598308
112427168
116809571
118441980
125874492
130179416
130179416
131214035
137189610
138090122
139299876
140727898
144347261
145449528
149694050
160594261
160832572
161120175
165924689
166863091
166863091
173587546
179212983
179212983
185324520
188951301
212442326
213022583
214532090
215538686
215538686
21625028
217834782
218458563
218946273
29831502
39012216
39012216
45995550
51943169
51943169
54905300
55395748
55760841
66671969
68883195
72841941
73506681
73677673
74672451
76143607
79697842
84383806
87381416
89438121
91625805
92798290
9456888
9602623
103802517
105542189
108711113
108711113
110545601
110545601
110716052
116052888
120679310
120959436
121939561
125679438
125679438
126767888
131329345
135329411
137138897
143010330
145429152
146999913
150672046
160034920
160892333
162812445
162812445
162938347
164538268
167933587
174431511
175677246
175677246
176015005
178796366
182488093
182841090
186370941
187867075
189710452
196144800
197758583
1995867
209337760
210253448
212217219
212864077
214402842
24908408
24987546
24989247
24989247
27434768
281121
281121
29226055
29992000
3305112
35928460
37432099
41448202
420513
48681921
54951652
63193795
73175635
74741770
76079998
77699898
84745049
8740110
92064303
92447010
98791287
105031835
105385239
110733739
112695505
126139723
128443875
128838796
133937897
135239421
136274023
13702757
138969631
140089691
140489101
141942458
141964201
14407673
145119382
150294083
150759195
150782036
150978958
156736523
165224471
166866522
166866522
171342110
171985739
172482998
173288171
173851841
173928206
189973867
192072296
194168430
198230786
198336419
211950796
219432076
24684552
31375166
32703232
35901721
37875639
38515185
3871467
51255815
51648448
6173782
68637181
72914960
94710177
96650053
103801187
107251702
108296045
108516077
111578066
112820740
114447039
122545055
129557725
133535779
135749309
137520272
141104332
141972023
145589553
146647177
157747493
161414343
162175320
162175320
167749485
169471977
173417312
174121049
174579547
176685068
177711625
183255533
183767821
191256647
193145493
195351580
196298028
196298028
213834693
215840133
218270159
218270159
218817990
220136506
220350049
24122303
28364721
39430350
40615698
41233888
54824790
54824790
60798278
66733332
71506976
72620048
73772706
82722716
84392476
8769166
91852158
99328363
10006928
105345659
105969963
106451191
109628585
114284699
115774223
117269259
129243760
139001347
142009912
142394979
143675381
145938132
148207705
150145116
164689408
164689408
164839483
165825539
165825539
167237051
174880769
176771955
178434153
178590538
178747561
180494101
185537483
187912608
189469328
192560647
193279702
214757969
218578401
24330970
26689348
29862133
31316776
31956433
46865276
55127541
77039703
77039703
82328670
83533200
8415646
87686999
9037319
9892437
101171967
102472591
106077729
108454212
114672211
114672211
114822250
115511261
115658331
116915019
118125229
118897953
122653048
124534929
127848098
133770590
135358891
135642985
136346152
136490125
140947231
142536486
144781246
145683118
146030652
146291518
150175880
155709518
157521486
158350403
159053178
169001303
169688267
170439533
170650727
171284055
172695887
178029046
178253506
178520068
179945976
182881487
182969057
191313933
191882868
195732633
20853760
212040101
213684520
215410817
218456100
24253913
26818165
29198790
29617109
29785608
31958216
32866325
39631593
40365021
47064220
54522733
67071219
67680790
71515392
81563608
83488149
93427059
105368250
107069393
112210786
118239765
119226939
128524707
128845675
134519731
134675107
134675107
134675107
136260185
142025123
142679146
143537179
143566843
143704867
144656507
144959817
146353510
151925030
155329692
165113595
171337615
174460901
181304560
183056483
188443392
194098720
194347147
195757402
199228988
209257403
209264513
210287806
210474097
210900101
211032212
212952191
214376649
220114369
220334905
23497780
259572
40799959
41853928
51341291
70407268
71950561
73133069
73415985
75874225
83209923
85045570
90467107
93653103
10008000
101640193
104650593
109801783
114473502
121892668
126693192
130697526
138052149
139455987
141882748
145069077
146864152
147009411
151688558
157433305
159567781
162680125
163670628
164679808
168859503
174142400
174568796
176565010
176693685
178520268
181014293
183503241
185934377
189675386
192806737
1933708
193457662
193457662
208933695
209304429
212774433
2142309
219020366
220103821
26401169
26815638
29348362
30287450
30629630
32721787
49594031
73758922
76125118
77589049
81622910
81671619
84158623
84831210
94107073
97589623
97882843